% This is the supplementary material for the paper
% "Adaptive Robust Data-driven Building Control via Bi-level Reformulation:
% an Experimental Result"
% authors: Yingzhao Lian, Jicheng Shi, Manuel Koch and Colin N.Jones

A = [0.8067, 0 , 0, 0, 0.0145, 0.0145, 0 ,0 , 0, 0.1143, 0,0, 0;
     0, 0.8411, 0, 0, 0,  0.0202, 0.0271, 0.0202, 0, 0, 0.0351,0,0;
     0, 0, 0.8111,0, 0, 0, 0, 0.0202, 0.0202, 0, 0, 0.0707, 0;
     0, 0, 0, 0.8214, 0.0218, 0, 0.0172, 0, 0.0156, 0, 0, 0, 0.0684;
     0.0612, 0, 0, 0.0672, 0.8355, 0.0025, 0.0022, 0 , 0, 0.0021, 0, 0, 0.0028;
     0.0612, 0.0854, 0, 0, 0.0012,0.8355, 0.0022, 0, 0, 0.0021, 0.0032, 0, 0;
     0.0009, 0.0714,0.0012,0.0653, 0.0022,0.0022,0.8635,0.0022,0.0025,0.0001, 0.0023, 0, 0;
     0, 0.0672, 0.0672, 0.0002, 0, 0, 0.0022, 0.8355, 0.0022, 0, 0.0024, 0.0027, 0;
     0, 0.0002, 0.0672, 0.0643, 0, 0, 0.0025, 0.0022, 0.8355, 0, 0.0001, 0.0027,0;
     0.1512, 0, 0, 0, 0.0008, 0.0008, 0, 0, 0, 0.7241, 0.0025, 0, 0.0025;
     0, 0.0507, 0, 0, 0, 0.0018, 0.0015, 0.0018, 0, 0.0028, 0.7411, 0.0018, 0;
     0, 0, 0.0989, 0, 0, 0, 0,  0.0022, 0.0022, 0, 0.0025, 0.7172, 0.0018;
     0, 0, 0, 0.001211, 0.0022, 0, 0.0004, 0, 0.0026, 0, 0, 0.0022, 0.7112];
B = 10*[0.07, 0.001;
    0.001, 0.05;
    0, 0.072;
    0.001, 0.068;
    0.006, 0.002;
    0.006, 0.002;
    0.001, 0.003;
    0, 0.003;
    0, 0.003;
    0.006, 0.0003;
    0.0005, 0.002;
    0, 0.002;
    0.0003, 0.004];
E = 1e-3 *[30.2170, 2.3912;
           10.2170, 0.6912;
           20.2170, 1.1912;
           22.2170, 1.9912;
           1.5376, 0.1032;
           1.5376, 0.1032;
           0, 0.1032;
           0.734, 0.1032;
           0.734, 0.1032;
           163.1813, 0.3144;
           50.12, 0.3144;
           76.12, 0.3144;
           103.1813, 0.3144];
C = [eye(4),zeros(4,9)];